0010000100000000
0000101100000000
0000000000000000
0001010000000001
0000101100000000
0000000000000001
0001010000000010
0000101100000000
0000000000000010
0001010000000011
0000101100000000
0000000000000011
0010010000000000
0001010000001001
0000101100000000
0000000000000100
0000010100000011
0001010000000100
0000101100000000
0000000000000101
0010010000000000
0001010000001001
0000101100000000
0000000000000110
0000010100000011
0001010000000101
0000101100000000
0000000000000111
0010010000000000
0001010000001001
0000101100000000
0000000000001000
0000010100000011
0001010000000110
0001010100000001
0001010000001000
0001010100000011
0000011100000000
0001010000001001
0000101100000000
0000000000001001
0001010000001000
0001010100001001
0000011100000000
0001010000001001
0001010100000110
0000010100000011
0001010000001001
0001011000000000
0001010000000111
0010000000000000
0001010100001001
0000100100000000
0000100100000000
0000100100000000
0001010000001001
0000101100000000
0000000000001010
0001010000001000
0010011000001000
0001010100001001
0001001000000000
0001011000000000
0001010000001000
0001010000001001
0001010000000111
0010011000000100
0001000000000000
0001010000001000
0010011000000101
0001000000000000
0000011100000000
0000010100000011
0001010000001001
0001010100000011
0001010000001000
0001010100000101
0000010100000010
0001010000000101
0010000000000000
0001010100000010
0000100100000000
0001101100000000
0000000001010110
0001100000000000
0000000001000010
0001010100001010
0001010000000111
0001010100000011
0000100100000000
0001110100000000
0000000001111101
0000101100000000
0000000000001100
0010010000000000
0001010000000111
0000101100000000
0000000000001011
0000010100000001
0001010000000111
0001010100000110
0000100100000000
0001101100000000
0000000010010101
0001010100001001
0010011000000110
0001001000000000
0001011000000000
0001010000000111
0001010000001000
0001010000001001
0001010000001010
0010000100000000
0000101100000000
0000000000000101
0010010000000000
0001010000001001
0000101100000000
0000000000000110
0000010100000011
0001010000000101
0001011000000000
0001010000001001
0001100000000000
0000000001000010
0001010100001001
0010011000000110
0010000100000000
0001001000000000
0001010100000010
0001010000000111
0001010100000100
0000100100000000
0001010000000100
0001010100000011
0001010000001000
0001010100000010
0000011100000000
0001010000000111
0001010100000101
0000100100000000
0001111100000000
0001010000000101
0001011000000000
0001010000000111
0001010000001000
0001010000001001
0001100000000000
0000000001000010
0001010100001001
0010011000000110
0001001000000000
0010100000000000
